-1.16595
-1.14815
-1.13485
-1.12735
-1.10565
-1.06045
-1.04255
-0.47475
-0.46615
-0.24125
-0.22795
-0.22315
-0.19045
-0.17795
-0.17615
-0.15015
-0.14885
-0.14825
-0.13915
-0.13585
-0.13025
-0.12905
-0.12845
-0.11685
-0.09855
-0.09755
-0.09685
-0.09175
-0.09135
-0.08585
-0.08425
-0.06655
-0.06565
-0.06525
-0.06355
-0.06165
-0.06105
-0.04165
-0.02025
-0.00365
-0.00105
0.00145
0.00435
0.01545
0.03055
0.06605
0.08695
0.09825
0.10895
0.11285
0.13535
0.13775
0.14105
0.14175
0.14825
0.15425
0.16635
0.19145
0.19155
0.20565
0.20825
0.23745
0.24095
0.24315
0.26525
0.27065
0.27105
0.28345
0.28745
0.28795
0.32975
0.34535
0.34575
0.35345
0.38855
0.41585
0.48015
0.61285
0.61635
1.12335
1.19575
1.34475
