0 0
1 1 2 1 3 1 4 69 5 70 6 70 7 70 8 70 9 70 10 130 
11 188 12 188 13 188 14 243 15 243 16 243 17 243 18 299 19 299 20 299 
21 299 22 355 23 355 24 382 25 382 26 382 27 382 28 382 29 383 30 383 
31 383 32 383 33 383 34 442 35 443 36 501 37 501 38 501 39 501 40 501 
41 501 42 557 43 557 44 558 45 617 46 618 47 674 48 674 49 737 50 737 
51 796 52 796 53 853 54 909 55 965 56 965 57 1021 58 1021 59 1021 60 1077 
61 1077 62 1078 63 1139 64 1194 65 1250 66 1250 67 1306 68 1306 69 1307 70 1307 
71 1307 72 1362 73 1363 74 1363 75 1419 76 1419 77 1419 78 1419 79 1476 80 1476 
81 1476 82 1476 83 1532 84 1589 85 1645 86 1645 87 1645 88 1645 89 1701 90 1701 
91 1757 92 1813 93 1813 94 1813 95 1869 96 1869 97 1869 98 1869 99 1925 100 1925 
101 1925 102 1925 103 1926 104 1981 105 2038 106 2094 107 2150 108 2150 109 2206 110 2206 
111 2262 112 2262 113 2318 114 2319 115 2375 116 2445 117 2446 118 2517 119 2580 120 2643 
121 2644 122 2644 123 2644 124 2709 125 2710 126 2773 127 2834 128 2834 129 2890 130 2890 
131 2946 132 2946 133 2946 134 3001 135 3001 136 3001 137 3002 138 3002 139 3057 140 3057 
141 3113 142 3113 143 3169 144 3225 145 3281 146 3337 147 3337 148 3337 149 3337 150 3337 
151 3393 152 3449 153 3505 154 3505 155 3561 156 3561 157 3561 158 3561 159 3562 160 3562 
161 3562 162 3562 163 3617 164 3617 165 3618 166 3618 167 3618 168 3618 169 3618 170 3618 
171 3618 172 3618 173 3618 174 3619 175 3674 176 3674 177 3674 178 3674 179 3730 180 3730 
181 3730 182 3786 183 3841 184 3841 185 3896 186 3896 187 3952 188 3952 189 4007 190 4062 
191 4062 192 4063 193 4118 194 4118 195 4174 196 4229 197 4229 198 4229 199 4230 200 4285 
201 4285 202 4285 203 4341 204 4341 205 4397 206 4397 207 4397 208 4397 209 4397 210 4453 
211 4453 212 4453 213 4453 214 4508 215 4508 216 4564 217 4620 218 4676 219 4676 220 4676 
221 4676 222 4676 223 4676 224 4677 225 4677 226 4732 227 4733 228 4788 229 4788 230 4788 
231 4788 232 4789 233 4789 234 4789 235 4789 236 4845 237 4901 238 4901 239 4956 240 5012 
241 5067 242 5067 243 5067 244 5123 245 5123 246 5179 247 5179 248 5179 249 5179 250 5179 
251 5180 252 5180 253 5180 254 5236 255 5236 256 5236 257 5236 258 5236 259 5292 260 5292 
261 5348 262 5403 263 5404 264 5459 265 5515 266 5516 267 5571 268 5571 269 5626 270 5626 
271 5627 272 5627 273 5682 274 5682 275 5682 276 5683 277 5738 278 5738 279 5738 280 5738 
281 5793 282 5793 283 5848 284 5849 285 5904 286 5904 287 5905 288 5960 289 5960 290 6016 
291 6072 292 6072 293 6072 294 6072 295 6073 296 6073 297 6073 298 6073 299 6129 300 6185 
301 6185 302 6186 303 6186 304 6242 305 6242 306 6242 307 6298 308 6298 309 6298 310 6298 
311 6354 312 6410 313 6410 314 6410 315 6410 316 6466 317 6521 318 6522 319 6577 320 6633 
321 6633 322 6688 323 6744 324 6744 325 6744 326 6744 327 6800 328 6800 329 6800 330 6856 
331 6856 332 6912 333 6967 334 6968 335 6968 336 6968 337 6968 338 6968 339 6968 340 6969 
341 7025 342 7025 343 7025 344 7025 345 7025 346 7081 347 7081 348 7081 349 7081 350 7137 
351 7192 352 7193 353 7193 354 7248 355 7248 356 7248 357 7304 358 7304 359 7359 360 7359 
361 7360 362 7360 363 7415 364 7415 365 7470 366 7526 367 7526 368 7526 369 7526 370 7526 
371 7527 372 7527 373 7527 374 7582 375 7582 376 7638 377 7694 378 7749 379 7749 380 7805 
381 7805 382 7805 383 7860 384 7860 385 7861 386 7861 387 7861 388 7861 389 7916 390 7917 
391 7917 392 7972 393 8028 394 8083 395 8139 396 8139 397 8195 398 8195 399 8195 400 8195 
401 8195 402 8195 403 8195 404 8196 405 8196 406 8196 407 8196 408 8196 409 8251 410 8306 
411 8361 412 8362 413 8418 414 8418 415 8418 416 8473 417 8473 418 8474 419 8474 420 8529 
421 8530 422 8585 423 8585 424 8641 425 8641 426 8641 427 8697 428 8697 429 8697 430 8697 
431 8753 432 8753 433 8753 434 8808 435 8808 436 8809 437 8864 438 8864 439 8920 440 8975 
441 9030 442 9030 443 9030 444 9030 445 9085 446 9085 447 9086 448 9086 449 9086 450 9086 
451 9140 452 9141 453 9141 454 9141 455 9196 456 9196 457 9251 458 9251 459 9251 460 9306 
461 9306 462 9306 463 9361 464 9361 465 9362 466 9417 467 9417 468 9417 469 9417 470 9472 
471 9527 472 9528 473 9583 474 9638 475 9694 476 9694 477 9749 478 9749 479 9804 480 9804 
481 9805 482 9805 483 9805 484 9860 485 9914 486 9914 487 9915 488 9969 489 10024 490 10080 
491 10134 492 10134 493 10135 494 10135 495 10190 496 10245 497 10245 498 10275 499 10275 500 10275 
501 10330 502 10330 503 10330 504 10330 505 10330 506 10331 507 10331 508 10386 509 10386 510 10386 
511 10442 512 10442 513 10497 514 10552 515 10552 516 10607 517 10608 518 10608 519 10608 520 10663 
521 10719 522 10719 523 10774 524 10830 525 10830 526 10830 527 10885 528 10940 529 10941 530 10996 
531 10996 532 10996 533 11051 534 11051 535 11051 536 11051 537 11107 538 11162 539 11217 540 11217 
541 11217 542 11217 543 11217 544 11272 545 11328 546 11383 547 11383 548 11439 549 11439 550 11494 
551 11494 552 11495 553 11549 554 11549 555 11605 556 11605 557 11605 558 11660 559 11660 560 11715 
561 11770 562 11771 563 11826 564 11826 565 11881 566 11936 567 11936 568 11936 569 11937 570 11937 
571 11992 572 12047 573 12047 574 12047 575 12047 576 12102 577 12103 578 12158 579 12158 580 12158 
581 12213 582 12213 583 12213 584 12268 585 12323 586 12324 587 12379 588 12379 589 12434 590 12489 
591 12489 592 12544 593 12544 594 12599 595 12654 596 12654 597 12654 598 12710 599 12710 600 12765 
601 12765 602 12765 603 12766 604 12766 605 12766 606 12766 607 12821 608 12876 609 12876 610 12931 
611 12986 612 13041 613 13041 614 13041 615 13041 616 13042 617 13042 618 13096 619 13151 620 13207 
621 13207 622 13207 623 13264 624 13320 625 13320 626 13376 627 13432 628 13489 629 13545 630 13601 
631 13602 632 13602 633 13602 634 13602 635 13602 636 13602 637 13603 638 13659 639 13659 640 13659 
641 13659 642 13715 643 13715 644 13716 645 13772 646 13772 647 13829 648 13885 649 13942 650 13999 
651 14056 652 14056 653 14056 654 14112 655 14169 656 14169 657 14169 658 14226 659 14226 660 14226 
661 14226 662 14226 663 14283 664 14283 665 14340 666 14396 667 14452 668 14452 669 14509 670 14509 
671 14509 672 14509 673 14509 674 14509 675 14510 676 14566 677 14622 678 14679 679 14679 680 14679 
681 14736 682 14736 683 14736 684 14736 685 14793 686 14793 687 14849 688 14849 689 14906 690 14906 
691 14906 692 14907 693 14964 694 14964 695 14964 696 14964 697 15021 698 15021 699 15021 700 15021 
701 15021 702 15021 703 15078 704 15078 705 15135 706 15192 707 15248 708 15248 709 15305 710 15305 
711 15305 712 15306 713 15362 714 15362 715 15362 716 15419 717 15475 718 15475 719 15532 720 15532 
721 15587 722 15587 723 15644 724 15644 725 15700 726 15700 727 15757 728 15757 729 15757 730 15757 
731 15757 732 15758 733 15758 734 15758 735 15758 736 15758 737 15815 738 15815 739 15815 740 15815 
741 15872 742 15929 743 15985 744 16041 745 16041 746 16041 747 16041 748 16041 749 16097 750 16153 
751 16154 752 16154 753 16154 754 16154 755 16210 756 16210 757 16210 758 16210 759 16210 760 16266 
761 16267 762 16323 763 16323 764 16323 765 16323 766 16379 767 16435 768 16435 769 16435 770 16479 
771 16535 772 16591 773 16591 774 16591 775 16591 776 16591 777 16646 778 16646 779 16646 780 16646 
781 16702 782 16702 783 16703 784 16703 785 16703 786 16703 787 16703 788 16703 789 16759 790 16759 
791 16759 792 16759 793 16759 794 16815 795 16871 796 16871 797 16927 798 16928 799 16983 800 17040 
801 17040 802 17097 803 17153 804 17209 805 17266 806 17322 807 17322 808 17323 809 17323 810 17323 
811 17323 812 17380 813 17380 814 17380 815 17437 816 17494 817 17550 818 17607 819 17664 820 17664 
821 17721 822 17777 823 17834 824 17834 825 17834 826 17890 827 17890 828 17946 829 18003 830 18003 
831 18003 832 18004 833 18004 834 18004 835 18061 836 18061 837 18118 838 18174 839 18230 840 18231 
841 18231 842 18231 843 18231 844 18231 845 18231 846 18231 847 18286 848 18287 849 18341 850 18341 
851 18341 852 18341 853 18342 854 18396 855 18396 856 18396 857 18451 858 18505 859 18560 860 18614 
861 18614 862 18668 863 18669 864 18669 865 18669 866 18669 867 18669 868 18724 869 18724 870 18779 
871 18779 872 18833 873 18833 874 18834 875 18834 876 18834 877 18834 878 18889 879 18889 880 18943 
881 18997 882 18997 883 19052 884 19052 885 19052 886 19106 887 19106 888 19106 889 19161 890 19161 
891 19216 892 19271 893 19272 894 19326 895 19326 896 19326 897 19381 898 19381 899 19436 900 19436 
901 19491 902 19545 903 19545 904 19545 905 19545 906 19600 907 19654 908 19654 909 19709 910 19764 
911 19818 912 19818 913 19872 914 19927 915 19927 916 19981 917 19982 918 19982 919 19982 920 19982 
921 20036 922 20091 923 20091 924 20091 925 20091 926 20091 927 20146 928 20146 929 20146 930 20146 
931 20200 932 20201 933 20201 934 20201 935 20201 936 20256 937 20256 938 20256 939 20256 940 20256 
941 20310 942 20310 943 20310 944 20310 945 20365 946 20419 947 20475 948 20530 949 20585 950 20585 
951 20585 952 20640 953 20695 954 20750 955 20805 956 20805 957 20805 958 20860 959 20915 960 20969 
961 21024 962 21079 963 21079 964 21080 965 21134 966 21134 967 21190 968 21190 969 21245 970 21299 
971 21299 972 21355 973 21355 974 21409 975 21464 976 21464 977 21519 978 21520 979 21520 980 21520 
981 21575 982 21630 983 21684 984 21685 985 21685 986 21685 987 21740 988 21740 989 21740 990 21740 
991 21740 992 21795 993 21795 994 21795 995 21795 996 21849 997 21904 998 21904 999 21904 1000 21904 
1001 21959 1002 22013 1003 22014 1004 22068 1005 22068 1006 22123 1007 22123 1008 22123 1009 22177 1010 22177 
1011 22177 1012 22231 1013 22232 1014 22232 1015 22232 1016 22232 1017 22286 1018 22287 1019 22340 1020 22341 
1021 22341 1022 22341 1023 22395 1024 22449 1025 22449 1026 22450 1027 22450 1028 22504 1029 22558 1030 22558 
1031 22613 1032 22613 1033 22667 1034 22667 1035 22667 1036 22667 1037 22667 1038 22668 1039 22668 1040 22668 
1041 22722 1042 22722 1043 22722 1044 22723 1045 22777 1046 22831 1047 22886 1048 22940 1049 22941 1050 22994 
1051 22995 1052 22995 1053 22995 1054 22995 1055 22995 1056 22995 1057 22995 1058 22996 1059 22996 1060 22996 
1061 23050 1062 23104 1063 23104 1064 23105 1065 23105 1066 23159 1067 23159 1068 23159 1069 23159 1070 23213 
1071 23267 1072 23267 1073 23268 1074 23268 1075 23322 1076 23322 1077 23376 1078 23377 1079 23377 1080 23377 
1081 23377 1082 23377 1083 23377 1084 23431 1085 23485 1086 23485 1087 23486 1088 23486 1089 23486 1090 23486 
1091 23486 1092 23487 1093 23487 1094 23541 1095 23541 1096 23541 1097 23541 1098 23542 1099 23542 1100 23542 
1101 23542 1102 23596 1103 23650 1104 23651 1105 23705 1106 23705 1107 23760 1108 23760 1109 23761 1110 23761 
1111 23761 1112 23815 1113 23869 1114 23923 1115 23923 1116 23923 1117 23923 1118 23924 1119 23978 1120 23978 
1121 24032 1122 24032 1123 24087 1124 24087 1125 24087 1126 24141 1127 24195 1128 24195 1129 24249 1130 24249 
1131 24249 1132 24249 1133 24250 1134 24250 1135 24304 1136 24358 1137 24358 1138 24412 1139 24466 1140 24466 
1141 24521 1142 24521 1143 24521 1144 24521 1145 24575 1146 24575 1147 24629 1148 24630 1149 24630 1150 24684 
1151 24738 1152 24738 1153 24738 1154 24792 1155 24792 1156 24792 1157 24846 1158 24847 1159 24900 1160 24954 
1161 24955 1162 25009 1163 25009 1164 25009 1165 25010 1166 25010 1167 25064 1168 25064 1169 25118 1170 25172 
1171 25172 1172 25172 1173 25225 1174 25279 1175 25280 1176 25280 1177 25280 1178 25280 1179 25280 1180 25334 
1181 25387 1182 25388 1183 25388 1184 25388 1185 25441 1186 25495 1187 25495 1188 25496 1189 25549 1190 25549 
1191 25550 1192 25550 1193 25550 1194 25550 1195 25604 1196 25604 1197 25604 1198 25658 1199 25712 1200 25712 
1201 25712 1202 25766 1203 25767 1204 25821 1205 25874 1206 25875 1207 25875 1208 25875 1209 25875 1210 25929 
1211 25983 1212 26037 1213 26090 1214 26144 1215 26144 1216 26198 1217 26248 1218 26302 1219 26302 1220 26303 
1221 26303 1222 26303 1223 26357 1224 26410 1225 26465 1226 26465 1227 26518 1228 26519 1229 26572 1230 26572 
1231 26572 1232 26573 1233 26573 1234 26573 1235 26627 1236 26681 1237 26681 1238 26681 1239 26735 1240 26735 
1241 26736 1242 26736 1243 26736 1244 26736 1245 26736 1246 26790 1247 26790 1248 26791 1249 26791 1250 26791 
1251 26845 1252 26898 1253 26952 1254 26952 1255 26953 1256 27007 1257 27061 1258 27061 1259 27115 1260 27115 
1261 27115 1262 27115 1263 27115 1264 27116 1265 27116 1266 27116 1267 27116 1268 27116 1269 27170 1270 27224 
1271 27224 1272 27224 1273 27278 1274 27278 1275 27279 1276 27279 1277 27333 1278 27333 1279 27333 1280 27333 
1281 27334 1282 27334 1283 27334 1284 27334 1285 27336 1286 27337 1287 27390 1288 27444 1289 27498 1290 27552 
1291 27606 1292 27606 1293 27660 1294 27661 1295 27661 1296 27710 1297 27710 1298 27765 1299 27765 1300 27819 
1301 27872 1302 27873 1303 27873 1304 27873 1305 27873 1306 27873 1307 27928 1308 27981 1309 28035 1310 28089 
1311 28089 1312 28089 1313 28089 1314 28143 1315 28143 1316 28144 1317 28144 1318 28197 1319 28197 1320 28197 
1321 28197 1322 28198 1323 28251 1324 28304 1325 28305 1326 28359 1327 28359 1328 28413 1329 28413 1330 28467 
1331 28521 1332 28575 1333 28630 1334 28684 1335 28684 1336 28684 1337 28738 1338 28791 1339 28845 1340 28898 
1341 28898 1342 28952 1343 28952 1344 28952 1345 28953 1346 29006 1347 29059 1348 29113 1349 29114 1350 29167 
1351 29220 1352 29221 1353 29274 1354 29275 1355 29275 1356 29275 1357 29275 1358 29275 1359 29276 1360 29276 
1361 29276 1362 29276 1363 29329 1364 29330 1365 29330 1366 29384 1367 29384 1368 29384 1369 29384 1370 29384 
1371 29384 1372 29385 1373 29439 1374 29439 1375 29439 1376 29493 1377 29493 1378 29494 1379 29547 1380 29547 
1381 29601 1382 29655 1383 29709 1384 29709 1385 29763 1386 29817 1387 29871 1388 29925 1389 29925 1390 29925 
1391 29979 1392 29979 1393 30034 1394 30034 1395 30034 1396 30034 1397 30088 1398 30088 1399 30091 1400 30144 
1401 30144 1402 30193 1403 30193 1404 30194 1405 30194 1406 30248 1407 30301 1408 30301 1409 30301 1410 30301 
1411 30301 1412 30301 1413 30302 1414 30302 1415 30302 1416 30356 1417 30356 1418 30409 1419 30409 1420 30463 
1421 30505 1422 30505 1423 30505 1424 30505 1425 30506 1426 30506 1427 30560 1428 30560 1429 30560 1430 30561 
1431 30561 1432 30614 1433 30668 1434 30669 1435 30669 1436 30723 1437 30723 1438 30723 1439 30777 1440 30777 
1441 30831 1442 30831 1443 30831 1444 30885 1445 30885 1446 30885 1447 30886 1448 30886 1449 30886 1450 30940 
1451 30940 1452 30941 1453 30995 1454 31049 1455 31049 1456 31049 1457 31103 1458 31103 1459 31103 1460 31119 
1461 31119 1462 31119 1463 31173 1464 31173 1465 31227 1466 31227 1467 31227 1468 31227 1469 31228 1470 31228 
1471 31282 1472 31282 1473 31282 1474 31282 1475 31282 1476 31336 1477 31336 1478 31390 1479 31390 1480 31391 
1481 31444 1482 31444 1483 31445 1484 31445 1485 31499 1486 31499 1487 31553 1488 31606 1489 31606 1490 31661 
1491 31661 1492 31661 1493 31662 1494 31662 1495 31717 1496 31717 1497 31772 1498 31772 1499 31827 1500 31827 
1501 31881 1502 31935 1503 31990 1504 31990 1505 31990 1506 32045 1507 32100 1508 32100 1509 32100 1510 32100 
1511 32100 1512 32155 1513 32155 1514 32155 1515 32209 1516 32209 1517 32264 1518 32264 1519 32319 1520 32374 
1521 32374 1522 32374 1523 32375 1524 32429 1525 32429 1526 32482 1527 32482 1528 32536 1529 32536 1530 32536 
1531 32537 1532 32590 1533 32644 1534 32644 1535 32697 1536 32751 1537 32804 1538 32804 1539 32804 1540 32804 
1541 32804 1542 32858 1543 32911 1544 32965 1545 32965 1546 32965 1547 33018 1548 33072 1549 33072 1550 33072 
1551 33126 1552 33179 1553 33233 1554 33233 1555 33286 1556 33340 1557 33393 1558 33446 1559 33447 1560 33500 
1561 33553 1562 33607 1563 33661 1564 33714 1565 33767 1566 33821 1567 33821 1568 33821 1569 33875 1570 33875 
1571 33875 1572 33875 1573 33875 1574 33875 1575 33929 1576 33929 1577 33929 1578 33929 1579 33929 1580 33982 
1581 34035 1582 34036 1583 34036 1584 34036 1585 34036 1586 34089 1587 34089 1588 34142 1589 34196 1590 34249 
1591 34303 1592 34303 1593 34304 1594 34357 1595 34357 1596 34410 1597 34463 1598 34517 1599 34517 1600 34570 
1601 34623 1602 34623 1603 34677 1604 34677 1605 34677 1606 34677 1607 34677 1608 34677 1609 34731 1610 34784 
1611 34837 1612 34890 1613 34943 1614 34996 1615 34996 1616 34996 1617 34997 1618 34997 1619 34997 1620 35050 
1621 35050 1622 35103 1623 35103 1624 35103 1625 35156 1626 35157 1627 35157 1628 35157 1629 35157 1630 35157 
1631 35158 1632 35158 1633 35158 1634 35211 1635 35211 1636 35264 1637 35265 1638 35265 1639 35265 1640 35318 
1641 35371 1642 35371 1643 35424 1644 35477 1645 35531 1646 35584 1647 35637 1648 35638 1649 35691 1650 35745 
1651 35798 1652 35798 1653 35798 1654 35852 1655 35905 1656 35958 1657 36011 1658 36065 1659 36065 1660 36066 
1661 36066 1662 36119 1663 36120 1664 36173 1665 36227 1666 36227 1667 36281 1668 36334 1669 36334 1670 36335 
1671 36388 1672 36442 1673 36442 1674 36442 1675 36495 1676 36548 1677 36549 1678 36549 1679 36603 1680 36657 
1681 36657 1682 36710 1683 36764 1684 36817 1685 36817 1686 36817 1687 36871 1688 36871 1689 36871 1690 36925 
1691 36925 1692 36925 1693 36926 1694 36926 1695 36926 1696 36980 1697 36982 1698 37036 1699 37036 1700 37089 
1701 37142 1702 37196 1703 37196 1704 37196 1705 37251 1706 37251 1707 37251 1708 37304 1709 37358 1710 37412 
1711 37465 1712 37519 1713 37519 1714 37519 1715 37519 1716 37519 1717 37520 1718 37574 1719 37574 1720 37574 
1721 37574 1722 37628 1723 37628 1724 37628 1725 37628 1726 37629 1727 37629 1728 37682 1729 37682 1730 37683 
1731 37683 1732 37736 1733 37736 1734 37790 1735 37790 1736 37790 1737 37790 1738 37844 1739 37844 1740 37897 
1741 37897 1742 37897 1743 37898 1744 37898 1745 37898 1746 37898 1747 37952 1748 38000 1749 38000 1750 38000 
1751 38000 1752 38054 1753 38054 1754 38054 1755 38054 1756 38054 1757 38108 1758 38108 1759 38162 1760 38162 
1761 38162 1762 38216 1763 38216 1764 38217 1765 38270 1766 38324 1767 38377 1768 38377 1769 38377 1770 38378 
1771 38378 1772 38432 1773 38432 1774 38432 1775 38432 1776 38432 1777 38486 1778 38540 1779 38593 1780 38647 
1781 38701 1782 38701 1783 38701 1784 38754 1785 38754 1786 38755 1787 38755 1788 38755 1789 38755 1790 38809 
1791 38809 1792 38809 1793 38809 1794 38809 1795 38809 1796 38809 1797 38863 1798 38864 1799 38917 1800 38971 
1801 38971 1802 38971 1803 38971 1804 38971 1805 39024 1806 39077 1807 39077 1808 39078 1809 39131 1810 39184 
1811 39184 1812 39237 1813 39237 1814 39237 1815 39238 1816 39238 1817 39291 1818 39291 1819 39320 1820 39321 
1821 39321 1822 39321 1823 39321 1824 39374 1825 39428 1826 39482 1827 39482 1828 39482 1829 39482 1830 39536 
1831 39590 1832 39590 1833 39643 1834 39697 1835 39697 1836 39697 1837 39697 1838 39697 1839 39698 1840 39751 
1841 39805 1842 39807 1843 39807 1844 39861 1845 39861 1846 39861 1847 39914 1848 39914 1849 39968 1850 39968 
1851 39968 1852 40027 1853 40087 1854 40087 1855 40087 1856 40148 1857 40208 1858 40337 1859 40432 1860 40549 
1861 40830 1862 40835 1863 41032 1864 41032 1865 41086 1866 41139 1867 41140 1868 41140 1869 41140 1870 41140 
1871 41193 1872 41193 1873 41248 1874 41248 1875 41248 1876 41249 1877 41307 1878 41308 1879 41308 1880 41309 
1881 41383 1882 41383 1883 41384 1884 41384 1885 41451 1886 41513 1887 41513 1888 41581 1889 41648 1890 41706 
1891 41706 1892 41707 1893 41707 1894 41707 1895 41767 1896 41768 1897 41781 1898 41781 1899 41781 1900 41782 
1901 41840 1902 41841 1903 41901 1904 41961 1905 42021 1906 42021 1907 42021 1908 42083 1909 42083 1910 42083 
1911 42083 1912 42083 1913 42084 1914 42084 1915 42084 1916 42084 1917 42084 1918 42143 1919 42143 1920 42143 
1921 42199 1922 42200 1923 42255 1924 42255 1925 42255 1926 42255 1927 42311 1928 42368 1929 42368 1930 42369 
1931 42369 1932 42369 1933 42426 1934 42426 1935 42426 1936 42426 1937 42483 1938 42538 1939 42592 1940 42593 
1941 42593 1942 42593 1943 42647 1944 42647 1945 42648 1946 42702 1947 42702 1948 42756 1949 42811 1950 42866 
1951 42921 1952 42922 1953 42977 1954 42977 1955 42978 1956 42978 1957 43033 1958 43033 1959 43033 1960 43093 
1961 43150 1962 43150 1963 43208 1964 43208 1965 43268 1966 43325 1967 43382 1968 43382 1969 43382 1970 43440 
1971 43440 1972 43440 1973 43497 1974 43497 1975 43498 1976 43498 1977 43498 1978 43561 1979 43621 1980 43622 
1981 43622 1982 43622 1983 43681 1984 43681 1985 43741 1986 43742 1987 43798 1988 43854 1989 43913 1990 43976 
1991 43977 1992 44036 1993 44036 1994 44036 1995 44095 1996 44095 1997 44152 1998 44152 1999 44153 2000 44209 
2001 44210 2002 44210 2003 44266 2004 44266 2005 44266 2006 44266 2007 44325 2008 44325 2009 44384 2010 44384 
2011 44441 2012 44503 2013 44504 2014 44565 2015 44566 2016 44625 2017 44625 2018 44684 2019 44684 2020 44684 
2021 44685 2022 44685 2023 44685 2024 44685 2025 44745 2026 44745 2027 44804 2028 44804 2029 44864 2030 44864 
2031 44920 2032 44921 2033 44977 2034 44977 2035 45034 2036 45035 2037 45035 2038 45035 2039 45035 2040 45035 
2041 45035 2042 45091 2043 45147 2044 45147 2045 45206 2046 45206 2047 45206 2048 45206 2049 45206 2050 45270 
2051 45331 2052 45331 2053 45389 2054 45445 2055 45446 2056 45446 2057 45506 2058 45567 2059 45568 2060 45568 
2061 45568 2062 45568 2063 45630 2064 45631 2065 45631 2066 45694 2067 45752 2068 45810 2069 45867 2070 45867 
2071 45867 2072 45868 2073 45868 2074 45868 2075 45868 2076 45868 2077 45926 2078 45926 2079 45926 2080 45984 
2081 46044 2082 46044 2083 46044 2084 46106 2085 46106 2086 46165 2087 46165 2088 46165 2089 46166 2090 46166 
2091 46166 2092 46166 2093 46228 2094 46291 2095 46345 2096 46345 2097 46346 2098 46400 2099 46400 2100 46455 
2101 46509 2102 46510 2103 46510 2104 46510 2105 46510 2106 46510 2107 46568 2108 46626 2109 46626 2110 46684 
2111 46745 2112 46745 2113 46745 2114 46805 2115 46805 2116 46805 2117 46865 2118 46866 2119 46866 2120 46866 
2121 46866 2122 46866 2123 46923 2124 46980 2125 46981 2126 47038 2127 47038 2128 47039 2129 47039 2130 47039 
2131 47096 2132 47097 2133 47097 2134 47153 2135 47212 2136 47212 2137 47212 2138 47212 2139 47212 2140 47272 
2141 47272 2142 47272 2143 47330 2144 47330 2145 47331 2146 47331 2147 47331 2148 47388 2149 47446 2150 47446 
2151 47446 2152 47504 2153 47561 2154 47561 2155 47616 2156 47616 2157 47616 2158 47670 2159 47724 2160 47725 
2161 47779 2162 47833 2163 47833 2164 47887 2165 47941 2166 47996 2167 47996 2168 47996 2169 48051 2170 48051 
2171 48051 2172 48051 2173 48105 2174 48159 2175 48159 2176 48213 2177 48213 2178 48267 2179 48268 2180 48268 
2181 48268 2182 48268 2183 48268 2184 48322 2185 48322 2186 48322 2187 48377 2188 48377 2189 48377 2190 48431 
2191 48431 2192 48486 2193 48540 2194 48594 2195 48594 2196 48595 2197 48595 2198 48650 2199 48650 2200 48704 
2201 48758 2202 48812 2203 48812 2204 48812 2205 48866 2206 48920 2207 48920 2208 48975 2209 48975 2210 48975 
2211 49029 2212 49029 2213 49083 2214 49137 2215 49137 2216 49137 2217 49192 2218 49246 2219 49246 2220 49300 
2221 49300 2222 49355 2223 49355 2224 49409 2225 49409 2226 49410 2227 49410 2228 49464 2229 49517 2230 49572 
2231 49626 2232 49680 2233 49680 2234 49680 2235 49680 2236 49735 2237 49735 2238 49735 2239 49735 2240 49789 
2241 49843 2242 49843 2243 49898 2244 49951 2245 50005 2246 50060 2247 50114 2248 50114 2249 50114 2250 50168 
2251 50168 2252 50168 2253 50169 2254 50169 2255 50169 2256 50169 2257 50169 2258 50224 2259 50278 2260 50332 
2261 50332 2262 50332 2263 50332 2264 50332 2265 50333 2266 50386 2267 50386 2268 50440 2269 50440 2270 50441 
2271 50441 2272 50441 2273 50495 2274 50550 2275 50550 2276 50550 2277 50550 2278 50551 2279 50551 2280 50551 
2281 50551 2282 50551 2283 50551 2284 50551 2285 50551 2286 50551 2287 50552 2288 50606 2289 50660 2290 50660 
2291 50714 2292 50714 2293 50715 2294 50769 2295 50823 2296 50823 2297 50823 2298 50824 2299 50824 2300 50824 
2301 50824 2302 50824 2303 50824 2304 50824 2305 50878 2306 50879 2307 50879 2308 50879 2309 50879 2310 50933 
2311 50933 2312 50933 2313 50934 2314 50934 2315 50934 2316 50934 2317 50934 2318 50936 2319 50937 2320 50937 
2321 50937 2322 50990 2323 51044 2324 51044 2325 51044 2326 51098 2327 51152 2328 51206 2329 51206 2330 51207 
2331 51261 2332 51261 2333 51316 2334 51370 2335 51370 2336 51371 2337 51371 2338 51371 2339 51371 2340 51426 
2341 51480 2342 51535 2343 51535 2344 51535 2345 51589 2346 51643 2347 51697 2348 51697 2349 51698 2350 51698 
2351 51753 2352 51753 2353 51753 2354 51808 2355 51808 2356 51808 2357 51808 2358 51863 2359 51917 2360 51972 
2361 51972 2362 51973 2363 52027 2364 52082 2365 52082 2366 52082 2367 52082 2368 52082 2369 52137 2370 52191 
2371 52192 2372 52246 2373 52300 2374 52355 2375 52355 2376 52355 2377 52355 2378 52355 2379 52410 2380 52410 
2381 52410 2382 52464 2383 52464 2384 52464 2385 52518 2386 52572 2387 52572 2388 52627 2389 52627 2390 52627 
2391 52628 2392 52628 2393 52628 2394 52683 2395 52683 2396 52683 2397 52683 2398 52737 2399 52737 2400 52738 
2401 52738 2402 52792 2403 52792 2404 52792 2405 52792 2406 52847 2407 52901 2408 52901 2409 52901 2410 52901 
2411 52902 2412 52902 2413 52902 2414 52902 2415 52902 2416 52957 2417 53012 2418 53066 2419 53067 2420 53121 
2421 53121 2422 53176 2423 53177 2424 53232 2425 53232 2426 53287 2427 53287 2428 53342 2429 53342 2430 53343 
2431 53400 2432 53455 2433 53510 2434 53510 2435 53510 2436 53565 2437 53565 2438 53619 2439 53620 2440 53674 
2441 53729 2442 53729 2443 53730 2444 53785 2445 53841 2446 53841 2447 53897 2448 53952 2449 54008 2450 54063 
2451 54118 2452 54118 2453 54119 2454 54119 2455 54119 2456 54119 2457 54119 2458 54174 2459 54230 2460 54230 
2461 54230 2462 54230 2463 54231 2464 54231 2465 54231 2466 54231 2467 54231 2468 54287 2469 54287 2470 54342 
2471 54398 2472 54398 2473 54398 2474 54453 2475 54509 2476 54509 2477 54564 2478 54564 2479 54619 2480 54620 
2481 54675 2482 54730 2483 54730 2484 54786 2485 54786 2486 54786 2487 54787 2488 54842 2489 54842 2490 54898 
2491 54898 2492 54898 2493 54954 2494 55009 2495 55065 2496 55065 2497 55120 2498 55176 2499 55176 2500 55176 
2501 55177 2502 55177 2503 55232 2504 55232 2505 55288 2506 55288 2507 55343 2508 55343 2509 55343 2510 55344 
2511 55344 2512 55399 2513 55400 2514 55455 2515 55510 2516 55510 2517 55510 2518 55565 2519 55566 2520 55621 
2521 55621 2522 55622 2523 55622 2524 55677 2525 55733 2526 55787 2527 55842 2528 55842 2529 55843 2530 55843 
2531 55843 2532 55843 2533 55843 2534 55843 2535 55843 2536 55843 2537 55844 2538 55844 2539 55844 2540 55844 
2541 55844 2542 55844 2543 55844 2544 55845 2545 55899 2546 55899 2547 55899 2548 55899 2549 55953 2550 55953 
2551 55954 2552 56008 2553 56063 2554 56063 2555 56117 2556 56172 2557 56172 2558 56227 2559 56282 2560 56283 
2561 56337 2562 56392 2563 56447 2564 56447 2565 56447 2566 56502 2567 56502 2568 56502 2569 56556 2570 56611 
2571 56611 2572 56611 2573 56611 2574 56611 2575 56611 2576 56612 2577 56612 2578 56667 2579 56667 2580 56667 
2581 56667 2582 56721 2583 56722 2584 56722 2585 56722 2586 56777 2587 56833 2588 56888 2589 56888 2590 56888 
2591 56953 2592 57026 2593 57026 2594 57089 2595 57145 2596 57200 2597 57200 2598 57201 2599 57262 2600 57262 
2601 57320 2602 57382 2603 57438 2604 57438 2605 57438 2606 57438 2607 57439 2608 57439 2609 57439 2610 57495 
2611 57495 2612 57550 2613 57551 2614 57551 2615 57607 2616 57664 2617 57664 2618 57719 2619 57719 2620 57720 
2621 57720 2622 57720 2623 57720 2624 57720 2625 57775 2626 57776 2627 57776 2628 57776 2629 57776 2630 57831 
2631 57831 2632 57831 2633 57831 2634 57831 2635 57831 2636 57832 2637 57832 2638 57832 2639 57832 2640 57887 
2641 57887 2642 57888 2643 57888 2644 57942 2645 57997 2646 58052 2647 58052 2648 58052 2649 58053 2650 58053 
2651 58108 2652 58163 2653 58220 2654 58275 2655 58329 2656 58330 2657 58330 2658 58385 2659 58385 2660 58385 
2661 58385 2662 58440 2663 58495 2664 58496 2665 58496 2666 58496 2667 58551 2668 58605 2669 58660 2670 58660 
2671 58660 2672 58660 2673 58661 2674 58661 2675 58661 2676 58661 2677 58661 2678 58661 2679 58661 2680 58661 
2681 58661 2682 58662 2683 58662 2684 58662 2685 58662 2686 58717 2687 58773 2688 58828 2689 58828 2690 58828 
2691 58828 2692 58883 2693 58883 2694 58883 2695 58883 2696 58883 2697 58884 2698 58940 2699 58940 2700 58940 
2701 58994 2702 59049 2703 59104 2704 59104 2705 59159 2706 59159 2707 59214 2708 59268 2709 59269 2710 59269 
2711 59324 2712 59324 2713 59324 2714 59379 2715 59379 2716 59379 2717 59434 2718 59489 2719 59489 2720 59489 
2721 59489 2722 59490 2723 59544 2724 59599 2725 59653 2726 59707 2727 59762 2728 59816 2729 59817 2730 59817 
2731 59817 2732 59817 2733 59871 2734 59872 2735 59926 2736 59927 2737 59927 2738 59927 2739 59927 2740 59927 
2741 59981 2742 60035 2743 60035 2744 60090 2745 60090 2746 60144 2747 60145 2748 60145 2749 60145 2750 60199 
2751 60199 2752 60253 2753 60253 2754 60253 2755 60308 2756 60362 2757 60416 2758 60417 2759 60471 2760 60471 
2761 60471 2762 60472 2763 60472 2764 60472 2765 60502 2766 60502 2767 60502 2768 60502 2769 60502 2770 60503 
2771 60557 2772 60558 2773 60558 2774 60558 2775 60558 2776 60558 2777 60558 2778 60613 2779 60614 2780 60669 
2781 60669 2782 60724 2783 60724 2784 60724 2785 60724 2786 60779 2787 60779 2788 60779 2789 60834 2790 60889 
2791 60889 2792 60889 2793 60889 2794 60944 2795 60944 2796 60944 2797 60945 2798 61011 2799 61011 2800 61012 
2801 61012 2802 61072 2803 61072 2804 61145 2805 61229 2806 61229 2807 61230 2808 61317 2809 61403 2810 61403 
2811 61403 2812 61404 2813 61404 2814 61404 2815 61488 2816 61488 2817 61573 2818 61573 2819 61659 2820 61659 
2821 61735 2822 61735 2823 61735 2824 61800 2825 61865 2826 61930 2827 61998 2828 62091 2829 62091 2830 62170 
2831 62170 2832 62170 2833 62170 2834 62171 2835 62171 2836 62171 2837 62171 2838 62249 2839 62249 2840 62249 
2841 62249 2842 62328 2843 62328 2844 62328 2845 62328 2846 62407 2847 62471 2848 62535 2849 62600 2850 62664 
2851 62729 2852 62729 2853 62844 2854 62848 2855 62853 2856 62909 2857 62910 2858 62911 2859 63054 2860 63055 
2861 63055 2862 63056 2863 63179 2864 63180 2865 63180 2866 63300 2867 63300 2868 63301 2869 63301 2870 63438 
2871 63572 2872 63573 2873 63702 2874 63703 2875 63814 2876 63814 2877 63937 2878 63938 2879 63938 2880 63940 
2881 64066 2882 64184 2883 64322 2884 64463 2885 64614 2886 64617 2887 64752 2888 64754 2889 64756 2890 64899 
2891 64904 2892 64907 2893 65049 2894 65169 2895 65170 2896 65278 2897 65279 2898 65279 2899 65279 2900 65397 
2901 65398 2902 65398 2903 65398 2904 65398 2905 65506 2906 65506 2907 65606 2908 65607 2909 65707 2910 65708 
2911 65711 2912 65712 2913 65848 2914 65963 2915 65964 2916 66072 2917 66073 2918 66174 2919 66276 2920 66277 
2921 66278 2922 66279 2923 66279 2924 66279 2925 66280 2926 66401 2927 66404 2928 66405 2929 66405 2930 66515 
2931 66633 2932 66633 2933 66634 2934 66636 2935 66760 2936 66760 2937 66884 2938 66885 2939 67015 2940 67150 
2941 67154 2942 67157 2943 67158 2944 67158 2945 67159 2946 67159 2947 67292 2948 67430 2949 67432 2950 67433 
2951 67433 2952 67433 2953 67434 2954 67434 2955 67434 2956 67435 2957 67571 2958 67572 2959 67700 2960 67700 
2961 67802 2962 67802 2963 67883 2964 67883 2965 67883 2966 67883 2967 67884 2968 67884 2969 67884 2970 67965 
2971 67965 2972 67965 2973 67965 2974 67966 2975 68046 2976 68047 2977 68047 2978 68047 2979 68047 2980 68131 
2981 68217 2982 68304 2983 68304 2984 68380 2985 68456 2986 68570 2987 68571 2988 68690 2989 68799 2990 68799 
2991 68800 2992 68882 2993 68883 2994 68883 2995 68883 2996 68959 2997 68959 2998 69032 2999 69032 3000 69032 
3001 69033 3002 69033 3003 69107 3004 69202 3005 69298 3006 69299 3007 69299 3008 69378 3009 69378 3010 69461 
3011 69461 3012 69462 3013 69544 3014 69619 3015 69619 3016 69696 3017 69696 3018 69770 3019 69771 3020 69876 
3021 69877 3022 69877 3023 69877 3024 69878 3025 69987 3026 69988 3027 69989 3028 70093 3029 70093 3030 70094 
3031 70096 3032 70099 3033 70100 3034 70186 3035 70186 3036 70186 3037 70248 3038 70248 3039 70249 3040 70249 
3041 70249 3042 70249 3043 70249 3044 70310 3045 70310 3046 70372 3047 70372 3048 70372 3049 70372 3050 70373 
3051 70434 3052 70495 3053 70495 3054 70495 3055 70550 3056 70550 3057 70603 3058 70657 3059 70711 3060 70711 
3061 70711 3062 70711 3063 70711 3064 70711 3065 70712 3066 70765 3067 70818 3068 70872 3069 70872 3070 70872 
3071 70872 3072 70873 3073 70926 3074 70979 3075 70979 3076 71033 3077 71086 3078 71140 3079 71140 3080 71140 
3081 71194 3082 71247 3083 71247 3084 71301 3085 71301 3086 71354 3087 71354 3088 71407 3089 71408 3090 71408 
3091 71408 3092 71408 3093 71408 3094 71462 3095 71462 3096 71516 3097 71569 3098 71569 3099 71569 3100 71570 
3101 71570 3102 71623 3103 71624 3104 71624 3105 71624 3106 71624 3107 71624 3108 71624 3109 71624 3110 71625 
3111 71678 3112 71678 3113 71678 3114 71679 3115 71679 3116 71679 3117 71679 3118 71733 3119 71787 3120 71787 
3121 71787 3122 71841 3123 71894 3124 71895 3125 71948 3126 71948 3127 71948 3128 71948 3129 72002 3130 72002 
3131 72002 3132 72002 3133 72056 3134 72056 3135 72109 3136 72163 3137 72163 3138 72164 3139 72164 3140 72217 
3141 72217 3142 72218 3143 72218 3144 72218 3145 72218 3146 72272 3147 72326 3148 72326 3149 72326 3150 72326 
3151 72326 3152 72327 3153 72327 3154 72327 3155 72381 3156 72381 3157 72435 3158 72488 3159 72542 3160 72595 
3161 72649 3162 72703 3163 72703 3164 72703 3165 72703 3166 72704 3167 72704 3168 72704 3169 72704 3170 72704 
3171 72758 3172 72812 3173 72812 3174 72865 3175 72919 3176 72973 3177 73026 3178 73080 3179 73080 3180 73134 
3181 73134 3182 73134 3183 73135 3184 73135 3185 73135 3186 73135 3187 73188 3188 73188 3189 73189 3190 73189 
3191 73189 3192 73242 3193 73295 3194 73295 3195 73349 3196 73349 3197 73403 3198 73403 3199 73456 3200 73456 
3201 73510 3202 73563 3203 73563 3204 73599 3205 73600 3206 73600 3207 73653 3208 73653 3209 73706 3210 73759 
3211 73760 3212 73760 3213 73813 3214 73813 3215 73867 3216 73867 3217 73867 3218 73867 3219 73867 3220 73867 
3221 73921 3222 73921 3223 73921 3224 73975 3225 74028 3226 74081 3227 74135 3228 74135 3229 74135 3230 74189 
3231 74242 3232 74242 3233 74295 3234 74296 3235 74350 3236 74350 3237 74404 3238 74406 3239 74406 3240 74459 
3241 74459 3242 74460 3243 74513 3244 74566 3245 74566 3246 74619 3247 74620 3248 74620 3249 74673 3250 74673 
3251 74726 3252 74780 3253 74833 3254 74834 3255 74887 3256 74887 3257 74887 3258 74887 3259 74940 3260 74994 
3261 75047 3262 75100 3263 75152 3264 75153 3265 75153 3266 75153 3267 75206 3268 75206 3269 75259 3270 75260 
3271 75313 3272 75313 3273 75366 3274 75367 3275 75367 3276 75367 3277 75367 3278 75420 3279 75420 3280 75421 
3281 75474 3282 75527 3283 75581 3284 75634 3285 75688 3286 75688 3287 75688 3288 75742 3289 75742 3290 75795 
3291 75849 3292 75902 3293 75902 3294 75956 3295 76009 3296 76063 3297 76063 3298 76116 3299 76117 3300 76117 
3301 76170 3302 76223 3303 76276 3304 76277 3305 76277 3306 76277 3307 76277 3308 76347 3309 76431 3310 76431 
3311 76516 3312 76516 3313 76517 3314 76608 3315 76741 3316 76834 3317 76835 3318 76913 3319 76914 3320 76914 
3321 76914 3322 76991 3323 76991 3324 76991 3325 76992 3326 77074 3327 77188 3328 77291 3329 77292 3330 77294 
3331 77295 3332 77296 3333 77296 3334 77297 3335 77297 3336 77297 3337 77297 3338 77376 3339 77454 3340 77454 
3341 77454 3342 77454 3343 77454 3344 77455 3345 77530 3346 77530 3347 77530 3348 77530 3349 77530 3350 77531 
3351 77631 3352 77632 3353 77713 3354 77713 3355 77713 3356 77795 3357 77893 3358 78005 3359 78006 3360 78006 
3361 78007 3362 78007 3363 78109 3364 78109 3365 78110 3366 78110 3367 78110 3368 78110 3369 78111 3370 78210 
3371 78211 3372 78211 3373 78211 3374 78211 3375 78212 3376 78212 3377 78316 3378 78436 3379 78438 3380 78440 
3381 78517 3382 78583 3383 78583 3384 78650 3385 78650 3386 78650 3387 78718 3388 78718 3389 78785 3390 78841 
3391 78842 3392 78842 3393 78908 3394 78909 3395 78974 3396 79039 3397 79039 3398 79103 3399 79103 3400 79166 
3401 79231 3402 79231 3403 79231 3404 79295 3405 79295 3406 79359 3407 79359 3408 79422 3409 79422 3410 79483 
3411 79483 3412 79547 3413 79611 3414 79611 3415 79675 3416 79675 3417 79675 3418 79734 3419 79734 3420 79735 
3421 79735 3422 79735 3423 79735 3424 79795 3425 79854 3426 79854 3427 79855 3428 79855 3429 79855 3430 79952 
3431 79952 3432 80025 3433 80025 3434 80025 3435 80025 3436 80026 3437 80026 3438 80026 3439 80026 3440 80112 
3441 80112 3442 80112 3443 80113 3444 80202 3445 80203 3446 80203 3447 80203 3448 80203 3449 80264 3450 80324 
3451 80382 3452 80383 3453 80383 3454 80383 3455 80383 3456 80441 3457 80500 3458 80500 3459 80500 3460 80501 
3461 80501 3462 80501 3463 80558 3464 80558 3465 80559 3466 80559 3467 80616 3468 80680 3469 80680 3470 80737 
3471 80738 3472 80738 3473 80795 3474 80795 3475 80796 3476 80853 3477 80909 3478 80967 3479 81023 3480 81023 
3481 81023 3482 81023 3483 81024 3484 81024 3485 81080 3486 81080 3487 81081 3488 81081 3489 81081 3490 81081 
3491 81139 3492 81139 3493 81139 3494 81139 3495 81139 3496 81140 3497 81140 3498 81140 3499 81140 3500 81197 
3501 81198 3502 81256 3503 81257 3504 81257 3505 81257 3506 81315 3507 81372 3508 81429 3509 81486 3510 81539 
3511 81540 3512 81593 3513 81646 3514 81700 3515 81700 3516 81700 3517 81700 3518 81701 3519 81701 3520 81701 
3521 81754 3522 81806 3523 81859 3524 81913 3525 81913 3526 81913 3527 81913 3528 81966 3529 81966 3530 81967 
3531 81967 3532 81967 3533 81967 3534 82020 3535 82020 3536 82074 3537 82074 3538 82074 3539 82074 3540 82074 
3541 82127 3542 82180 3543 82234 3544 82287 3545 82341 3546 82394 3547 82395 3548 82448 3549 82448 3550 82448 
3551 82448 3552 82502 3553 82502 3554 82502 3555 82503 3556 82556 3557 82556 3558 82556 3559 82557 3560 82610 
3561 82610 3562 82610 3563 82664 3564 82717 3565 82770 3566 82770 3567 82770 3568 82824 3569 82824 3570 82824 
3571 82825 3572 82825 3573 82825 3574 82879 3575 82879 3576 82879 3577 82879 3578 82879 3579 82933 3580 82933 
3581 82933 3582 82933 3583 82986 3584 83039 3585 83040 3586 83093 3587 83093 3588 83147 3589 83200 3590 83254 
3591 83254 3592 83254 3593 83255 3594 83308 3595 83308 3596 83308 3597 83309 3598 83362 3599 83416 3600 83416 
3601 83470 3602 83470 3603 83470 3604 83470 3605 83524 3606 83577 3607 83577 3608 83578 3609 83578 3610 83632 
3611 83685 3612 83685 3613 83739 3614 83739 3615 83740 3616 83740 3617 83793 3618 83847 3619 83902 3620 83902 
3621 84008 3622 84008 3623 84009 3624 84009 3625 84009 3626 84101 3627 84101 3628 84183 3629 84183 3630 84268 
3631 84349 3632 84350 3633 84350 3634 84430 3635 84513 3636 84513 3637 84514 3638 84514 3639 84514 3640 84597 
3641 84681 3642 84681 3643 84763 3644 84847 3645 84847 3646 84847 3647 84848 3648 84848 3649 84848 3650 84927 
3651 84927 3652 84928 3653 84928 3654 85009 3655 85090 3656 85090 3657 85091 3658 85173 3659 85174 3660 85174 
3661 85174 3662 85174 3663 85174 3664 85174 3665 85175 3666 85254 3667 85254 3668 85336 3669 85337 3670 85337 
3671 85338 3672 85424 3673 85424 3674 85503 3675 85503 3676 85503 3677 85504 3678 85585 3679 85585 3680 85665 
3681 85747 3682 85829 3683 85830 3684 85937 3685 86026 3686 86026 3687 86111 3688 86111 3689 86191 3690 86191 
3691 86191 3692 86273 3693 86274 3694 86358 3695 86444 3696 86445 3697 86445 3698 86526 3699 86526 3700 86614 
3701 86614 3702 86615 3703 86698 3704 86698 3705 86776 3706 86776 3707 86858 3708 86938 3709 86938 3710 86938 
3711 86939 3712 87018 3713 87019 3714 87019 3715 87019 3716 87019 3717 87098 3718 87180 3719 87259 3720 87260 
3721 87339 3722 87419 3723 87419 3724 87500 3725 87500 3726 87501 3727 87501 3728 87501 3729 87584 3730 87664 
3731 87664 3732 87664 3733 87664 3734 87747 3735 87748 3736 87748 3737 87849 3738 87850 3739 87977 3740 87979 
3741 88097 3742 88099 3743 88101 3744 88235 3745 88238 3746 88364 3747 88467 3748 88468 3749 88556 3750 88643 
3751 88644 3752 88644 3753 88644 3754 88645 3755 88645 3756 88731 3757 88731 3758 88830 3759 88831 3760 88920 
3761 88920 3762 89007 3763 89093 3764 89093 3765 89093 3766 89094 3767 89094 3768 89094 3769 89094 3770 89094 
3771 89183 3772 89267 3773 89267 3774 89268 3775 89355 3776 89355 3777 89355 3778 89440 3779 89441 3780 89441 
3781 89441 3782 89441 3783 89442 3784 89532 3785 89533 3786 89620 3787 89620 3788 89621 3789 89621 3790 89621 
3791 89621 3792 89622 3793 89735 3794 89735 3795 89736 3796 89856 3797 89857 3798 89960 3799 90064 3800 90065 
3801 90180 3802 90272 3803 90272 3804 90273 3805 90273 3806 90353 3807 90437 3808 90517 3809 90517 3810 90598 
3811 90598 3812 90598 3813 90680 3814 90680 3815 90680 3816 90704 3817 90786 3818 90786 3819 90786 3820 90787 
3821 90790 3822 90871 3823 90871 3824 90871 3825 90872 3826 90872 3827 90953 3828 91032 3829 91113 3830 91113 
3831 91114 3832 91196 3833 91278 3834 91359 3835 91360 3836 91360 3837 91360 3838 91440 3839 91440 3840 91440 
3841 91521 3842 91598 3843 91702 3844 91703 3845 91793 3846 91793 3847 91794 3848 91794 3849 91876 3850 91957 
3851 92039 3852 92039 3853 92039 3854 92040 3855 92040 3856 92040 3857 92041 3858 92041 3859 92121 3860 92203 
3861 92203 3862 92282 3863 92283 3864 92283 3865 92364 3866 92365 3867 92447 3868 92524 3869 92525 3870 92525 
3871 92606 3872 92606 3873 92688 3874 92689 3875 92771 3876 92851 3877 92851 3878 92934 3879 92934 3880 92935 
3881 92935 3882 92935 3883 92935 3884 92936 3885 92936 3886 92936 3887 92936 3888 92937 3889 93016 3890 93098 
3891 93098 3892 93099 3893 93179 3894 93259 3895 93340 3896 93341 3897 93418 3898 93418 3899 93418 3900 93418 
3901 93418 3902 93500 3903 93500 3904 93589 3905 93589 3906 93694 3907 93694 3908 93773 3909 93774 3910 93774 
3911 93774 3912 93856 3913 93857 3914 93936 3915 94016 3916 94017 3917 94017 3918 94095 3919 94096 3920 94096 
3921 94179 3922 94258 3923 94258 3924 94259 3925 94339 3926 94421 3927 94422 3928 94501 3929 94501 3930 94502 
3931 94502 3932 94502 3933 94502 3934 94503 3935 94584 3936 94666 3937 94667 3938 94746 3939 94821 3940 94907 
3941 94907 3942 94990 3943 95076 3944 95076 3945 95077 3946 95159 3947 95159 3948 95241 3949 95307 3950 95308 
3951 95308 3952 95308 3953 95309 3954 95391 3955 95460 3956 95460 3957 95539 3958 95620 3959 95620 3960 95685 
3961 95748 3962 95812 3963 95876 3964 95940 3965 95940 3966 95941 3967 95941 3968 95941 3969 96002 3970 96065 
3971 96065 3972 96127 3973 96190 3974 96190 3975 96191 3976 96255 3977 96255 3978 96256 3979 96256 3980 96256 
3981 96318 3982 96378 3983 96378 3984 96437 3985 96437 3986 96497 3987 96497 3988 96557 3989 96618 3990 96618 
3991 96618 3992 96619 3993 96680 3994 96680 3995 96742 3996 96742 3997 96742 3998 96743 3999 96743 4000 96802 
4001 96864 4002 96922 4003 96979 4004 97035 4005 97093 4006 97093 4007 97150 4008 97150 4009 97150 4010 97150 
4011 97208 4012 97208 4013 97265 4014 97266 4015 97322 4016 97378 4017 97435 4018 97492 4019 97492 4020 97549 
4021 97549 4022 97549 4023 97549 4024 97606 4025 97663 4026 97663 4027 97663 4028 97720 4029 97778 4030 97834 
4031 97834 4032 97891 4033 97947 4034 98005 4035 98005 4036 98005 4037 98005 4038 98062 4039 98118 4040 98119 
4041 98175 4042 98231 4043 98288 4044 98346 4045 98346 4046 98346 4047 98346 4048 98405 4049 98460 4050 98460 
4051 98460 4052 98460 4053 98514 4054 98514 4055 98515 4056 98515 4057 98515 4058 98568 4059 98568 4060 98568 
4061 98568 4062 98569 4063 98621 4064 98675 4065 98675 4066 98675 4067 98675 4068 98675 4069 98676 4070 98728 
4071 98728 4072 98729 4073 98782 4074 98782 4075 98835 4076 98888 4077 98941 4078 98941 4079 98995 4080 99017 
4081 99017 4082 99066 4083 99066 4084 99120 4085 99120 4086 99120 4087 99173 4088 99173 4089 99227 4090 99227 
4091 99227 4092 99280 4093 99334 4094 99387 4095 99387 4096 99440 4097 99441 4098 99441 4099 99441 4100 99494 
4101 99547 4102 99600 4103 99600 4104 99600 4105 99653 4106 99706 4107 99721 4108 99721 4109 99721 4110 99774 
4111 99775 4112 99775 4113 99828 4114 99828 4115 99828 4116 99881 4117 99881 4118 99881 4119 99882 4120 99882 
4121 99935 4122 99989 4123 100042 4124 100042 4125 100042 4126 100043 4127 100090 4128 100144 4129 100144 4130 100197 
4131 100197 4132 100198 4133 100251 4134 100304 4135 100357 4136 100410 4137 100463 4138 100516 4139 100516 4140 100517 
4141 100570 4142 100623 4143 100623 4144 100624 4145 100676 4146 100677 4147 100677 4148 100730 4149 100783 4150 100783 
4151 100836 4152 100890 4153 100943 4154 100943 4155 100996 4156 101050 4157 101050 4158 101103 4159 101103 4160 101157 
4161 101157 4162 101157 4163 101210 4164 101263 4165 101264 4166 101264 4167 101264 4168 101264 4169 101317 4170 101370 
4171 101423 4172 101477 4173 101477 4174 101477 4175 101477 4176 101477 4177 101478 4178 101530 4179 101531 4180 101531 
4181 101584 4182 101584 4183 101585 4184 101585 4185 101585 4186 101638 4187 101638 4188 101638 4189 101638 4190 101638 
4191 101639 4192 101639 4193 101639 4194 101692 4195 101692 4196 101692 4197 101745 4198 101799 4199 101799 4200 101852 
4201 101905 4202 101958 4203 101958 4204 102012 4205 102012 4206 102066 4207 102066 4208 102066 4209 102120 4210 102120 
4211 102173 4212 102226 4213 102280 4214 102333 4215 102386 4216 102386 4217 102386 4218 102386 4219 102387 4220 102387 
4221 102387 4222 102440 4223 102440 4224 102493 4225 102494 4226 102494 4227 102547 4228 102600 4229 102600 4230 102653 
4231 102654 4232 102707 4233 102760 4234 102814 4235 102867 4236 102920 4237 102920 4238 102973 4239 103026 4240 103027 
4241 103080 4242 103134 4243 103188 4244 103241 4245 103242 4246 103295 4247 103295 4248 103295 4249 103349 4250 103349 
4251 103349 4252 103402 4253 103402 4254 103456 4255 103456 4256 103509 4257 103510 4258 103510 4259 103510 4260 103510 
4261 103510 4262 103511 4263 103511 4264 103511 4265 103511 4266 103511 4267 103564 4268 103565 4269 103565 4270 103618 
4271 103618 4272 103618 4273 103618 4274 103672 4275 103726 4276 103726 4277 103780 4278 103833 4279 103887 4280 103887 
4281 103887 4282 103887 4283 103888 4284 103932 4285 103986 4286 103986 4287 104039 4288 104040 4289 104040 4290 104040 
4291 104094 4292 104094 4293 104147 4294 104148 4295 104148 4296 104201 4297 104254 4298 104307 4299 104360 4300 104361 
4301 104414 4302 104414 4303 104414 4304 104414 4305 104414 4306 104468 4307 104521 4308 104521 4309 104521 4310 104521 
4311 104522 4312 104522 4313 104522 4314 104522 4315 104522 4316 104522 4317 104522 4318 104538 4319 104538 4320 104539 
4321 104592 4322 104592 4323 104592 4324 104592 4325 104646 4326 104646 4327 104646 4328 104646 4329 104699 4330 104752 
4331 104806 4332 104806 4333 104806 4334 104806 4335 104859 4336 104912 4337 104965 4338 104965 4339 104966 4340 105019 
4341 105072 4342 105072 4343 105072 4344 105073 4345 105126 4346 105126 4347 105179 4348 105232 4349 105233 4350 105233 
4351 105233 4352 105286 4353 105286 4354 105339 4355 105339 4356 105339 4357 105340 4358 105340 4359 105340 4360 105393 
4361 105446 4362 105500 4363 105553 4364 105605 4365 105658 4366 105711 4367 105711 4368 105765 4369 105765 4370 105765 
4371 105765 4372 105765 4373 105818 4374 105872 4375 105872 4376 105872 4377 105872 4378 105872 4379 105872 4380 105873 
4381 105926 4382 105979 4383 106033 4384 106087 4385 106140 4386 106140 4387 106140 4388 106140 4389 106141 4390 106194 
4391 106194 4392 106194 4393 106195 4394 106248 4395 106248 4396 106248 4397 106249 4398 106249 4399 106302 4400 106302 
4401 106356 4402 106356 4403 106356 4404 106373 4405 106373 4406 106426 4407 106479 4408 106532 4409 106586 4410 106639 
4411 106693 4412 106746 4413 106747 4414 106800 4415 106800 4416 106853 4417 106906 4418 106959 4419 107012 4420 107066 
4421 107119 4422 107119 4423 107120 4424 107120 4425 107173 4426 107226 4427 107226 4428 107226 4429 107226 4430 107227 
4431 107227 4432 107227 4433 107227 4434 107281 4435 107281 4436 107281 4437 107281 4438 107334 4439 107388 4440 107388 
4441 107388 4442 107442 4443 107443 4444 107496 4445 107496 4446 107549 4447 107550 4448 107603 4449 107656 4450 107709 
4451 107709 4452 107709 4453 107710 4454 107763 4455 107816 4456 107816 4457 107817 4458 107817 4459 107870 4460 107923 
4461 107923 4462 107923 4463 107923 4464 107923 4465 107977 4466 107977 4467 107977 4468 108030 4469 108031 4470 108031 
4471 108031 4472 108031 4473 108085 4474 108085 4475 108085 4476 108086 4477 108086 4478 108139 4479 108140 4480 108140 
4481 108193 4482 108246 4483 108300 4484 108300 4485 108300 4486 108300 4487 108354 4488 108354 4489 108354 4490 108408 
4491 108461 4492 108515 4493 108515 4494 108569 4495 108622 4496 108622 4497 108622 4498 108676 4499 108729 4500 108729 
4501 108730 4502 108783 4503 108837 4504 108837 4505 108890 4506 108891 4507 108891 4508 108891 4509 108891 4510 108944 
4511 108945 4512 108945 4513 108945 4514 108945 4515 108945 4516 108999 4517 108999 4518 108999 4519 109053 4520 109106 
4521 109159 4522 109159 4523 109160 4524 109213 4525 109213 4526 109214 4527 109214 4528 109267 4529 109267 4530 109321 
4531 109321 4532 109321 4533 109321 4534 109321 4535 109374 4536 109428 4537 109481 4538 109481 4539 109534 4540 109535 
4541 109535 4542 109588 4543 109588 4544 109588 4545 109589 4546 109589 4547 109589 4548 109642 4549 109642 4550 109643 
4551 109643 4552 109643 4553 109643 4554 109696 4555 109696 4556 109696 4557 109697 4558 109697 4559 109697 4560 109697 
4561 109750 4562 109750 4563 109804 4564 109858 4565 109912 4566 109965 4567 109966 4568 110020 4569 110073 4570 110073 
4571 110074 4572 110074 4573 110074 4574 110074 4575 110074 4576 110074 4577 110128 4578 110181 4579 110235 4580 110235 
4581 110235 4582 110235 4583 110236 4584 110289 4585 110343 4586 110344 4587 110344 4588 110397 4589 110451 4590 110504 
4591 110505 4592 110558 4593 110559 4594 110559 4595 110559 4596 110559 4597 110559 4598 110613 4599 110666 4600 110666 
4601 110720 4602 110720 4603 110774 4604 110827 4605 110881 4606 110882 4607 110936 4608 110936 4609 110990 4610 110990 
4611 110990 4612 110990 4613 110990 4614 111044 4615 111044 4616 111098 4617 111098 4618 111098 4619 111151 4620 111205 
4621 111259 4622 111313 4623 111313 4624 111367 4625 111367 4626 111367 4627 111367 4628 111367 4629 111368 4630 111421 
4631 111475 4632 111476 4633 111476 4634 111530 4635 111583 4636 111584 4637 111584 4638 111614 4639 111614 4640 111668 
4641 111722 4642 111776 4643 111776 4644 111830 4645 111885 4646 111885 4647 111885 4648 111939 4649 111993 4650 111993 
4651 112047 4652 112048 4653 112101 4654 112101 4655 112155 4656 112156 4657 112210 4658 112210 4659 112210 4660 112264 
4661 112318 4662 112372 4663 112372 4664 112373 4665 112373 4666 112373 4667 112373 4668 112373 4669 112373 4670 112373 
4671 112373 4672 112374 4673 112374 4674 112428 4675 112428 4676 112482 4677 112482 4678 112482 4679 112535 4680 112589 
4681 112589 4682 112590 4683 112590 4684 112644 4685 112698 4686 112698 4687 112698 4688 112698 4689 112710 4690 112711 
4691 112711 4692 112711 4693 112711 4694 112765 4695 112766 4696 112766 4697 112766 4698 112820 4699 112820 4700 112820 
4701 112874 4702 112929 4703 112983 4704 112984 4705 112984 4706 113038 4707 113092 4708 113092 4709 113092 4710 113093 
4711 113147 4712 113147 4713 113147 4714 113177 4715 113231 4716 113286 4717 113286 4718 113340 4719 113394 4720 113448 
4721 113449 4722 113449 4723 113503 4724 113557 4725 113557 4726 113611 4727 113611 4728 113612 4729 113612 4730 113612 
4731 113612 4732 113612 4733 113612 4734 113612 4735 113613 4736 113613 4737 113613 4738 113613 4739 113667 4740 113721 
4741 113721 4742 113776 4743 113830 4744 113830 4745 113885 4746 113939 4747 113993 4748 113993 4749 113993 4750 114047 
4751 114047 4752 114047 4753 114101 4754 114102 4755 114102 4756 114156 4757 114209 4758 114262 4759 114263 4760 114263 
4761 114316 4762 114369 4763 114370 4764 114422 4765 114476 4766 114476 4767 114476 4768 114476 4769 114476 4770 114477 
4771 114477 4772 114477 4773 114530 4774 114530 4775 114583 4776 114584 4777 114584 4778 114637 4779 114690 4780 114690 
4781 114690 4782 114690 4783 114691 4784 114744 4785 114797 4786 114850 4787 114850 4788 114904 4789 114904 4790 114904 
4791 114904 4792 114904 4793 114904 4794 114905 4795 114905 4796 114905 4797 114958 4798 114958 4799 114958 4800 114958 
4801 115011 4802 115012 4803 115065 4804 115118 4805 115118 4806 115118 4807 115171 4808 115171 4809 115224 4810 115277 
4811 115277 4812 115330 4813 115330 4814 115383 4815 115383 4816 115384 4817 115437 4818 115490 4819 115490 4820 115490 
4821 115543 4822 115543 4823 115544 4824 115544 4825 115544 4826 115544 4827 115597 4828 115597 4829 115597 4830 115650 
4831 115703 4832 115703 4833 115704 4834 115704 4835 115757 4836 115757 4837 115757 4838 115757 4839 115757 4840 115810 
4841 115863 4842 115916 4843 115916 4844 115917 4845 115917 4846 115917 4847 115970 4848 115970 4849 116023 4850 116024 
4851 116077 4852 116131 4853 116184 4854 116185 4855 116238 4856 116238 4857 116238 4858 116238 4859 116239 4860 116239 
4861 116292 4862 116292 4863 116346 4864 116346 4865 116399 4866 116452 4867 116452 4868 116452 4869 116506 4870 116506 
4871 116559 4872 116612 4873 116613 4874 116613 4875 116613 4876 116666 4877 116719 4878 116772 4879 116825 4880 116878 
4881 116931 4882 116931 4883 116984 4884 116984 4885 117037 4886 117091 4887 117091 4888 117144 4889 117144 4890 117197 
4891 117197 4892 117198 4893 117251 4894 117305 4895 117305 4896 117305 4897 117305 4898 117305 4899 117359 4900 117359 
4901 117412 4902 117465 4903 117518 4904 117518 4905 117518 4906 117572 4907 117626 4908 117679 4909 117679 4910 117732 
4911 117733 4912 117786 4913 117840 4914 117893 4915 117893 4916 117893 4917 117894 4918 117894 4919 117947 4920 117947 
4921 117948 4922 117948 4923 118001 4924 118001 4925 118055 4926 118055 4927 118108 4928 118109 4929 118162 4930 118162 
4931 118215 4932 118269 4933 118322 4934 118322 4935 118375 4936 118429 4937 118482 4938 118536 4939 118536 4940 118536 
4941 118589 4942 118642 4943 118642 4944 118696 4945 118749 4946 118803 4947 118803 4948 118803 4949 118803 4950 118803 
4951 118804 4952 118804 4953 118804 4954 118857 4955 118857 4956 118857 4957 118857 4958 118910 4959 118964 4960 118964 
4961 118964 4962 118964 4963 118965 4964 119018 4965 119019 4966 119072 4967 119072 4968 119072 4969 119073 4970 119126 
4971 119126 4972 119126 4973 119126 4974 119127 4975 119127 4976 119127 4977 119180 4978 119233 4979 119234 4980 119234 
4981 119234 4982 119234 4983 119234 4984 119234 4985 119235 4986 119235 4987 119288 4988 119288 4989 119288 4990 119288 
4991 119289 4992 119289 4993 119289 4994 119289 4995 119289 4996 119289 4997 119343 4998 119396 4999 119396 5000 119396 
5001 119450 5002 119503 5003 119503 5004 119557 5005 119557 5006 119610 5007 119611 5008 119611 5009 119611 5010 119611 
5011 119611 5012 119612 5013 119612 5014 119612 5015 119665 5016 119719 5017 119772 5018 119826 5019 119879 5020 119932 
5021 119933 5022 119986 5023 119986 5024 120039 5025 120093 5026 120147 5027 120147 5028 120201 5029 120201 5030 120201 
5031 120201 5032 120201 5033 120201 5034 120255 5035 120308 5036 120308 5037 120362 5038 120362 5039 120415 5040 120468 
5041 120522 5042 120522 5043 120522 5044 120522 5045 120522 5046 120575 5047 120576 5048 120576 5049 120576 5050 120576 
5051 120630 5052 120630 5053 120630 5054 120683 5055 120683 5056 120737 5057 120791 5058 120844 5059 120844 5060 120845 
5061 120899 5062 120899 5063 120954 5064 120954 5065 120954 5066 120954 5067 120967 5068 120967 5069 120967 5070 120968 
5071 121022 5072 121077 5073 121132 5074 121187 5075 121187 5076 121242 5077 121297 5078 121351 5079 121352 5080 121352 
5081 121352 5082 121352 5083 121352 5084 121407 5085 121461 5086 121461 5087 121461 5088 121515 5089 121569 5090 121622 
5091 121676 5092 121730 5093 121730 5094 121784 5095 121838 5096 121838 5097 121838 5098 121838 5099 121892 5100 121946 
5101 121947 5102 121947 5103 122001 5104 122055 5105 122108 5106 122162 5107 122216 5108 122270 5109 122323 5110 122323 
5111 122377 5112 122377 5113 122378 5114 122378 5115 122432 5116 122486 5117 122486 5118 122540 5119 122540 5120 122540 
5121 122541 5122 122594 5123 122648 5124 122648 5125 122649 5126 122649 5127 122649 5128 122649 5129 122649 5130 122649 
5131 122649 5132 122703 5133 122703 5134 122704 5135 122704 5136 122704 5137 122758 5138 122758 5139 122812 5140 122812 
5141 122812 5142 122812 5143 122813 5144 122867 5145 122867 5146 122921 5147 122921 5148 122974 5149 123028 5150 123082 
5151 123082 5152 123137 5153 123191 5154 123191 5155 123191 5156 123192 5157 123192 5158 123192 5159 123192 5160 123192 
5161 123192 5162 123193 5163 123193 5164 123193 5165 123193 5166 123247 5167 123300 5168 123301 5169 123301 5170 123355 
5171 123355 5172 123355 5173 123355 5174 123355 5175 123409 5176 123463 5177 123517 5178 123517 5179 123517 5180 123518 
5181 123518 5182 123518 5183 123572 5184 123627 5185 123681 5186 123734 5187 123788 5188 123788 5189 123842 5190 123843 
5191 123843 5192 123843 5193 123897 5194 123897 5195 123897 5196 123898 5197 123952 5198 124006 5199 124006 5200 124006 
5201 124060 5202 124114 5203 124114 5204 124168 5205 124168 5206 124222 5207 124223 5208 124276 5209 124277 5210 124277 
5211 124277 5212 124331 5213 124385 5214 124385 5215 124385 5216 124386 5217 124386 5218 124386 5219 124386 5220 124386 
5221 124386 5222 124441 5223 124495 5224 124549 5225 124549 5226 124550 5227 124604 5228 124658 5229 124658 5230 124658 
5231 124659 5232 124659 5233 124714 5234 124768 5235 124769 5236 124823 5237 124877 5238 124931 5239 124931 5240 124985 
5241 125040 5242 125040 5243 125094 5244 125148 5245 125148 5246 125149 5247 125149 5248 125149 5249 125149 5250 125203 
5251 125203 5252 125258 5253 125312 5254 125312 5255 125312 5256 125366 5257 125420 5258 125420 5259 125420 5260 125421 
5261 125475 5262 125529 5263 125584 5264 125638 5265 125638 5266 125638 5267 125638 5268 125638 5269 125639 5270 125639 
5271 125693 5272 125693 5273 125747 5274 125747 5275 125748 5276 125748 5277 125748 5278 125748 5279 125802 5280 125802 
5281 125856 5282 125910 5283 125965 5284 125965 5285 126019 5286 126073 5287 126127 5288 126127 5289 126182 5290 126236 
5291 126236 5292 126291 5293 126291 5294 126291 5295 126291 5296 126292 5297 126346 5298 126346 5299 126346 5300 126346 
5301 126346 5302 126401 5303 126401 5304 126402 5305 126456 5306 126511 5307 126511 5308 126565 5309 126620 5310 126620 
5311 126620 5312 126620 5313 126674 5314 126674 5315 126729 5316 126729 5317 126729 5318 126783 5319 126836 5320 126889 
5321 126889 5322 126890 5323 126890 5324 126890 5325 126943 5326 126943 5327 126944 5328 126997 5329 126997 5330 126998 
5331 126998 5332 126998 5333 126998 5334 126998 5335 127052 5336 127106 5337 127159 5338 127159 5339 127160 5340 127160 
5341 127160 5342 127160 5343 127160 5344 127160 5345 127160 5346 127161 5347 127215 5348 127268 5349 127268 5350 127268 
5351 127269 5352 127269 5353 127322 5354 127375 5355 127428 5356 127482 5357 127536 5358 127536 5359 127536 5360 127536 
5361 127590 5362 127590 5363 127644 5364 127644 5365 127697 5366 127697 5367 127751 5368 127804 5369 127858 5370 127858 
5371 127858 5372 127912 5373 127912 5374 127912 5375 127965 5376 128019 5377 128072 5378 128072 5379 128126 5380 128180 
5381 128180 5382 128180 5383 128180 5384 128234 5385 128287 5386 128287 5387 128288 5388 128341 5389 128395 5390 128395 
5391 128449 5392 128502 5393 128502 5394 128556 5395 128610 5396 128610 5397 128610 5398 128663 5399 128717 5400 128771 
5401 128824 5402 128878 5403 128932 5404 128985 5405 129039 5406 129039 5407 129040 5408 129093 5409 129093 5410 129147 
5411 129232 5412 129341 5413 129341 5414 129426 5415 129426 5416 129427 5417 129427 5418 129513 5419 129513 5420 129514 
5421 129514 5422 129514 5423 129598 5424 129598 5425 129599 5426 129676 5427 129676 5428 129755 5429 129835 5430 129836 
5431 129836 5432 129907 5433 129977 5434 129977 5435 129978 5436 129978 5437 129979 5438 129979 5439 129979 5440 129979 
5441 129979 5442 130049 5443 130049 5444 130049 5445 130049 5446 130051 5447 130052 5448 130123 5449 130124 5450 130124 
5451 130195 5452 130266 5453 130364 5454 130364 5455 130473 5456 130584 5457 130656 5458 130738 5459 130807 5460 130874 
5461 130874 5462 130946 5463 131016 5464 131016 5465 131016 5466 131085 5467 131085 5468 131085 5469 131085 5470 131155 
5471 131155 5472 131224 5473 131224 5474 131224 5475 131224 5476 131224 5477 131225 5478 131225 5479 131225 5480 131291 
5481 131359 5482 131359 5483 131427 5484 131514 5485 131625 5486 131626 5487 131707 5488 131760 5489 131814 5490 131867 
5491 131868 5492 131868 5493 131922 5494 131976 5495 132031 5496 132031 5497 132031 5498 132031 5499 132031 5500 132086 
5501 132140 5502 132140 5503 132140 5504 132195 5505 132249 5506 132303 5507 132303 5508 132357 5509 132357 5510 132357 
5511 132357 5512 132357 5513 132358 5514 132411 5515 132465 5516 132465 5517 132519 5518 132519 5519 132573 5520 132573 
5521 132573 5522 132574 5523 132574 5524 132574 5525 132574 5526 132574 5527 132628 5528 132682 5529 132682 5530 132735 
5531 132789 5532 132789 5533 132790 5534 132790 5535 132843 5536 132843 5537 132843 5538 132843 5539 132844 5540 132897 
5541 132897 5542 132897 5543 132897 5544 132898 5545 132951 5546 133004 5547 133057 5548 133111 5549 133111 5550 133165 
5551 133165 5552 133165 5553 133219 5554 133273 5555 133273 5556 133273 5557 133274 5558 133274 5559 133274 5560 133328 
5561 133328 5562 133328 5563 133328 5564 133328 5565 133329 5566 133329 5567 133329 5568 133383 5569 133383 5570 133383 
5571 133383 5572 133384 5573 133437 5574 133437 5575 133437 5576 133491 5577 133544 5578 133597 5579 133598 5580 133598 
5581 133598 5582 133652 5583 133652 5584 133652 5585 133706 5586 133759 5587 133813 5588 133866 5589 133867 5590 133867 
5591 133920 5592 133921 5593 133921 5594 133974 5595 133974 5596 133975 5597 134028 5598 134029 5599 134029 5600 134082 
5601 134082 5602 134082 5603 134083 5604 134136 5605 134136 5606 134190 5607 134190 5608 134243 5609 134243 5610 134297 
5611 134297 5612 134350 5613 134403 5614 134456 5615 134457 5616 134510 5617 134563 5618 134563 5619 134564 5620 134564 
5621 134617 5622 134670 5623 134671 5624 134724 5625 134724 5626 134724 5627 134778 5628 134778 5629 134778 5630 134832 
5631 134832 5632 134832 5633 134886 5634 134886 5635 134939 5636 134939 5637 134939 5638 134993 5639 135046 5640 135046 
5641 135047 5642 135047 5643 135100 5644 135100 5645 135100 5646 135154 5647 135154 5648 135154 5649 135154 5650 135154 
5651 135208 5652 135208 5653 135209 5654 135209 5655 135209 5656 135262 5657 135262 5658 135263 5659 135315 5660 135368 
5661 135369 5662 135369 5663 135369 5664 135417 5665 135417 5666 135417 5667 135417 5668 135470 5669 135470 5670 135523 
5671 135577 5672 135577 5673 135577 5674 135631 5675 135631 5676 135684 5677 135684 5678 135737 5679 135737 5680 135737 
5681 135791 5682 135844 5683 135844 5684 135897 5685 135897 5686 135951 5687 135951 5688 135952 5689 136005 5690 136059 
5691 136112 5692 136166 5693 136166 5694 136166 5695 136166 5696 136219 5697 136219 5698 136220 5699 136272 5700 136326 
5701 136326 5702 136379 5703 136379 5704 136379 5705 136380 5706 136380 5707 136380 5708 136380 5709 136380 5710 136433 
5711 136433 5712 136434 5713 136434 5714 136434 5715 136434 5716 136434 5717 136488 5718 136541 5719 136594 5720 136648 
5721 136648 5722 136701 5723 136701 5724 136754 5725 136808 5726 136808 5727 136808 5728 136808 5729 136861 5730 136915 
5731 136915 5732 136915 5733 136969 5734 137022 5735 137075 5736 137075 5737 137075 5738 137129 5739 137129 5740 137182 
5741 137182 5742 137235 5743 137289 5744 137289 5745 137289 5746 137290 5747 137290 5748 137343 5749 137396 5750 137397 
5751 137397 5752 137397 5753 137397 5754 137451 5755 137451 5756 137451 5757 137451 5758 137451 5759 137505 5760 137505 
5761 137558 5762 137558 5763 137559 5764 137559 5765 137559 5766 137559 5767 137559 5768 137560 5769 137614 5770 137614 
5771 137614 5772 137668 5773 137668 5774 137721 5775 137722 5776 137777 5777 137777 5778 137832 5779 137887 5780 137887 
5781 137888 5782 137888 5783 137943 5784 137943 5785 137943 5786 137944 5787 137999 5788 137999 5789 138054 5790 138054 
5791 138055 5792 138110 5793 138110 5794 138166 5795 138222 5796 138277 5797 138277 5798 138277 5799 138332 5800 138387 
5801 138442 5802 138442 5803 138497 5804 138552 5805 138552 5806 138553 5807 138553 5808 138608 5809 138608 5810 138608 
5811 138608 5812 138663 5813 138664 5814 138664 5815 138664 5816 138664 5817 138665 5818 138720 5819 138720 5820 138774 
5821 138774 5822 138775 5823 138830 5824 138885 5825 138940 5826 138940 5827 138995 5828 139050 5829 139105 5830 139105 
5831 139160 5832 139160 5833 139215 5834 139270 5835 139270 5836 139270 5837 139324 5838 139324 5839 139380 5840 139435 
5841 139435 5842 139490 5843 139545 5844 139545 5845 139545 5846 139545 5847 139546 5848 139546 5849 139546 5850 139600 
5851 139654 5852 139654 5853 139654 5854 139708 5855 139708 5856 139708 5857 139708 5858 139708 5859 139761 5860 139761 
5861 139761 5862 139815 5863 139815 5864 139815 5865 139815 5866 139816 5867 139869 5868 139869 5869 139922 5870 139976 
5871 139976 5872 140029 5873 140083 5874 140137 5875 140191 5876 140191 5877 140245 5878 140245 5879 140245 5880 140245 
5881 140245 5882 140299 5883 140299 5884 140299 5885 140353 5886 140407 5887 140460 5888 140461 5889 140461 5890 140461 
5891 140515 5892 140568 5893 140569 5894 140569 5895 140569 5896 140622 5897 140638 5898 140638 5899 140638 5900 140639 
5901 140639 5902 140639 5903 140693 5904 140693 5905 140693 5906 140693 5907 140693 5908 140747 5909 140747 5910 140747 
5911 140748 5912 140801 5913 140855 5914 140855 5915 140855 5916 140856 5917 140856 5918 140856 5919 140856 5920 140856 
5921 140856 5922 140910 5923 140963 5924 140963 5925 141017 5926 141017 5927 141017 5928 141018 5929 141018 5930 141018 
5931 141072 5932 141126 5933 141126 5934 141180 5935 141180 5936 141234 5937 141234 5938 141234 5939 141234 5940 141235 
5941 141288 5942 141342 5943 141342 5944 141396 5945 141450 5946 141503 5947 141504 5948 141557 5949 141611 5950 141664 
5951 141718 5952 141772 5953 141825 5954 141879 5955 141880 5956 141933 5957 141933 5958 141934 5959 141988 5960 142041 
5961 142042 5962 142095 5963 142149 5964 142149 5965 142202 5966 142203 5967 142203 5968 142203 5969 142203 5970 142203 
5971 142203 5972 142203 5973 142203 5974 142204 5975 142257 5976 142258 5977 142311 5978 142365 5979 142418 5980 142418 
5981 142419 5982 142419 5983 142473 5984 142473 5985 142526 5986 142580 5987 142634 5988 142634 5989 142687 5990 142688 
5991 142741 5992 142795 5993 142795 5994 142795 5995 142796 5996 142796 5997 142796 5998 142796 5999 142850 6000 142850 
6001 142850 6002 142850 6003 142904 6004 142957 6005 142958 6006 142958 6007 142958 6008 142958 6009 142958 6010 142958 
6011 143012 6012 143012 6013 143012 6014 143012 6015 143013 6016 143066 6017 143120 6018 143173 6019 143227 6020 143227 
6021 143282 6022 143282 6023 143282 6024 143336 6025 143336 6026 143336 6027 143336 6028 143337 6029 143337 6030 143391 
6031 143444 6032 143498 6033 143498 6034 143552 6035 143552 6036 143606 6037 143660 6038 143714 6039 143715 6040 143715 
6041 143715 6042 143769 6043 143769 6044 143769 6045 143770 6046 143770 6047 143770 6048 143824 6049 143824 6050 143878 
6051 143932 6052 143987 6053 143987 6054 143987 6055 144042 6056 144042 6057 144096 6058 144150 6059 144150 6060 144150 
6061 144151 6062 144151 6063 144205 6064 144259 6065 144259 6066 144259 6067 144259 6068 144259 6069 144260 6070 144260 
6071 144314 6072 144368 6073 144422 6074 144422 6075 144422 6076 144422 6077 144422 6078 144423 6079 144476 6080 144477 
6081 144531 6082 144531 6083 144531 6084 144585 6085 144585 6086 144585 6087 144639 6088 144693 6089 144747 6090 144801 
6091 144854 6092 144855 6093 144909 6094 144909 6095 144964 6096 144964 6097 144964 6098 145018 6099 145072 6100 145072 
6101 145073 6102 145073 6103 145073 6104 145127 6105 145181 6106 145235 6107 145289 6108 145290 6109 145343 6110 145343 
6111 145344 6112 145344 6113 145398 6114 145452 6115 145506 6116 145560 6117 145614 6118 145669 6119 145722 6120 145723 
6121 145723 6122 145723 6123 145777 6124 145777 6125 145831 6126 145885 6127 145885 6128 145885 6129 145885 6130 145885 
6131 145940 6132 145994 6133 145994 6134 145994 6135 145994 6136 145994 6137 145995 6138 145995 6139 145995 6140 145995 
6141 146049 6142 146049 6143 146049 6144 146049 6145 146049 6146 146104 6147 146158 6148 146212 6149 146212 6150 146266 
6151 146321 6152 146375 6153 146375 6154 146429 6155 146429 6156 146483 6157 146538 6158 146538 6159 146592 6160 146593 
6161 146593 6162 146593 6163 146593 6164 146593 6165 146593 6166 146593 6167 146594 6168 146594 6169 146648 6170 146648 
6171 146648 6172 146649 6173 146649 6174 146649 6175 146649 6176 146649 6177 146649 6178 146650 6179 146650 6180 146704 
6181 146758 6182 146812 6183 146813 6184 146813 6185 146867 6186 146921 6187 146921 6188 146975 6189 147050 6190 147051 
6191 147132 6192 147132 6193 147132 6194 147132 6195 147132 6196 147206 6197 147206 6198 147281 6199 147281 6200 147281 
6201 147281 6202 147282 6203 147282 6204 147357 6205 147357 6206 147433 6207 147507 6208 147585 6209 147585 6210 147675 
6211 147752 6212 147753 6213 147828 6214 147828 6215 147828 6216 147829 6217 147829 6218 147901 6219 147975 6220 147975 
6221 148050 6222 148126 6223 148127 6224 148127 6225 148127 6226 148127 6227 148127 6228 148201 6229 148275 6230 148275 
6231 148352 6232 148618 6233 148838 6234 148838 6235 148915 6236 148915 6237 148915 6238 148991 6239 148991 6240 148991 
6241 148991 6242 148991 6243 148992 6244 148992 6245 148992 6246 148992 6247 149069 6248 149147 6249 149147 6250 149147 
6251 149147 6252 149149 6253 149149 6254 149149 6255 149149 6256 149149 6257 149149 6258 149224 6259 149224 6260 149307 
